26.12
26.12
26.12
26.12
26.12
26.12
26.12
26.12
26.12
26.12
26.12
26.12
26.12
26.12
26.25
26.43
26.68
26.93
27.25
27.56
27.81
28.12
28.50
28.87
29.18
29.43
29.68
29.93
30.25
30.50
30.68
30.93
31.12
31.31
31.43
31.62
31.75
31.93
32.06
32.18
32.25
32.31
32.37
32.43
32.56
32.62
32.68
32.75
32.75
32.81
32.93
33.00
33.00
33.06
33.06
33.06
33.12
33.18
33.18
33.25
33.25
33.25
33.18
33.25
33.25
33.25
33.25
33.25
33.25
33.25
33.25
33.31
33.25
33.18
33.00
32.81
32.56
32.31
32.06
31.75
31.43
31.12
30.81
30.56
30.31
30.06
29.87
29.62
29.37
29.18
28.93
28.75
28.56
28.43
28.31
28.12
28.00
27.87
27.75
27.56
27.50
27.37
27.25
27.18
27.12
27.06
26.93
26.87
26.87
26.75
26.75
26.68
26.62
26.56
26.56
26.50
26.50
26.43
26.43
26.37
26.37
26.31
26.31
26.31
26.31
26.25
26.25
26.25
26.18
26.18
26.18
26.18
26.18
26.18
26.12
26.12
26.12
26.12
26.12
26.12
26.12
26.12
26.12
26.12
26.12
26.06
26.06