26.18
26.18
26.18
26.18
26.18
26.18
26.18
26.18
26.18
26.18
26.31
26.43
26.62
26.87
27.12
27.37
27.68
28.00
28.25
28.50
28.68
28.93
29.18
29.37
29.50
29.68
29.81
29.93
30.12
30.18
30.31
30.43
30.50
30.56
30.68
30.68
30.75
30.81
30.87
30.87
30.93
30.93
31.00
31.00
31.00
31.00
31.00
31.00
31.06
31.06
31.06
31.12
31.12
31.12
31.06
30.93
30.81
30.68
30.50
30.31
30.12
29.93
29.75
29.56
29.37
29.18
29.00
28.81
28.68
28.50
28.37
28.25
28.12
27.93
27.81
27.68
27.62
27.50
27.43
27.37
27.25
27.18
27.12
27.06
27.00
26.93
26.87
26.81
26.75
26.75
26.68
26.62
26.62
26.56
26.56
26.50
26.50
26.50
26.43
26.43
26.37
26.37
26.37
26.37
26.31
26.31
26.31
26.31
26.31
26.31
26.25
26.25
26.25
26.25
26.25
26.25
26.25
26.25
26.25
26.25