25.56
25.62
25.68
25.75
25.81
25.87
25.87
25.93
25.93
25.93
26.00
26.00
26.06
26.06
26.12
26.12
26.18
26.25
26.31
26.37
26.43
26.50
26.56
26.62
26.68
26.81
26.87
26.93
27.06
27.18
27.25
27.31
27.37
27.50
27.56
27.68
27.75
27.81
27.87
27.93
28.00
28.00
28.06
28.06
28.12
28.12
28.12
28.06
28.06
28.06
28.00
27.93
27.87
27.81
27.75
27.75
27.68
27.62
27.56
27.50
27.43
27.37
27.31
27.25
27.18
27.18
27.12
27.06
27.00
27.00
26.93
26.93
26.87
26.81
26.81
26.75
26.75
26.68
26.68
26.68
26.62
26.62
26.62
26.56
26.56
26.56
26.56
26.50
26.50
26.50
26.50
26.50
26.43
26.43
26.43
26.43
26.43
26.43
26.43
26.43
26.37
26.37
26.37
26.37
26.37
26.37
26.37
26.37
26.37
26.37
26.37
26.37
26.37
26.37
26.31
26.31
26.37
26.43
26.50
26.56
26.62
26.68
26.75
26.75
26.81
26.81
26.81
26.87
26.87
26.87
26.87
26.87
26.87
26.87
26.87
26.87
26.87
26.87
26.87
26.87
26.87
26.87
26.87
26.87
26.87
26.87
26.81
26.81
26.81
26.75
26.75
26.68
26.68
26.62
26.62
26.62
26.56
26.56
26.56
26.50
26.50
26.50
26.50
26.43
26.43
26.43
26.43
26.43
26.37
26.37
26.37
26.37
26.37
26.37
26.37
26.37
26.37