25.81
25.81
25.81
25.81
25.81
25.81
25.81
25.81
25.81
25.81
25.81
25.81
25.81
25.81
25.81
25.81
25.81
25.81
25.81
25.81
25.81
25.81
25.81
25.81
25.81
25.81
25.81
25.81
25.81
25.81
25.81
25.81
25.81
25.81
25.81
25.81
25.81
25.81
25.81
25.81
25.81
25.81
25.81
25.81
25.81
25.81
25.81
25.81
25.81
25.81
25.81
25.81
25.81
25.81
25.81
25.81
25.81
25.81
25.81
25.81
25.81
25.81
25.81
25.81
25.81
25.81
25.81
25.81
25.81
25.81
25.81
25.81
25.81
25.81
25.81
25.81
25.81
25.81
25.81
25.81
25.81
25.81
25.81
25.81
25.81
25.81
25.81
25.81
25.81
25.81
25.81
25.81
25.81
25.81
25.81
25.81
25.81
25.81
25.81
25.81
25.81
25.81
25.93
26.37
26.87
27.37
27.75
28.12
28.50
28.93
29.43
29.81
30.18
30.56
30.93
31.25
31.56
31.81
32.06
32.31
32.50
32.62
32.75
32.87
33.06
33.25
33.37
33.43
33.56
33.56
33.62
33.62
33.62
33.75
33.87
34.00
34.12
34.37
34.68
35.00
35.31
35.50
35.68
36.00
36.31
36.56
36.62
36.75
36.87
37.00
37.06
36.81
36.43
36.06
35.68
35.31
34.87
34.43
34.00
33.56
33.18
32.81
32.37
32.00
31.56
31.25
30.87
30.56
30.18
29.87
29.62
29.37
29.12
28.93
28.68
28.43
28.25
28.06
27.87
27.75
27.62
27.50
27.37
27.25
27.18
27.06
27.00
26.87
26.81
26.75
26.68
26.62
26.56
26.50
26.43
26.37
26.37
26.31
26.25
26.25
26.18
26.18
26.12
26.12
26.06
26.06
26.06
26.06
26.00
26.00
26.00
26.00
25.93
25.93
25.93
25.93
25.93
25.87
25.87
25.87
25.87
25.87
25.87
25.87