25.81
25.81
25.81
25.81
25.81
25.81
25.87
25.87
25.81
25.81
25.87
25.87
25.87
25.87
25.81
25.81
25.81
26.00
26.18
26.37
26.62
26.87
27.12
27.31
27.50
27.68
27.75
27.93
28.00
28.06
28.18
28.31
28.37
28.43
28.43
28.50
28.56
28.62
28.62
28.68
28.68
28.68
28.68
28.68
28.68
28.68
28.75
28.75
28.75
28.68
28.62
28.56
28.50
28.37
28.25
28.12
28.06
27.93
27.81
27.75
27.62
27.50
27.43
27.31
27.25
27.18
27.06
27.00
26.87
26.81
26.75
26.68
26.62
26.56
26.56
26.50
26.43
26.37
26.37
26.31
26.31
26.25
26.25
26.18
26.18
26.12
26.12
26.12
26.06
26.06
26.06
26.06
26.00
26.00
26.00
26.00
26.00
26.00
25.93
25.93
25.93
25.93
25.93
25.93
25.87
25.87
25.87
25.87
25.87
25.87
25.87
25.87
25.87
25.87
25.87
25.87
25.87
25.87
25.87
25.87
25.87
25.87
25.87
25.87
25.81
25.87
25.87
25.81
25.87
25.81
25.81
25.81
25.81
25.81
25.81
25.87
25.81
25.81
25.81
25.81
25.81
25.81
25.81
25.81