25.81
25.81
25.81
25.81
25.81
25.81
25.81
25.81
25.81
25.81
25.81
25.81
25.81
25.81
25.81
25.81
25.81
25.81
25.81
25.81
25.81
25.81
25.81
25.81
25.81
25.81
25.81
25.81
25.81
25.81
25.81
25.81
25.81
25.81
25.81
25.81
25.81
25.81
25.81
25.81
25.81
25.81
25.81
25.81
25.81
25.81
25.81
25.81
25.81
25.81
25.81
25.81
25.93
26.18
26.50
27.00
27.37
27.75
28.12
28.50
28.75
29.12
29.31
29.56
29.75
29.93
30.06
30.25
30.37
30.43
30.56
30.68
30.75
30.81
30.87
31.00
31.00
31.12
31.18
31.18
31.25
31.25
31.25
31.25
31.25
31.25
31.25
31.31
31.31
31.31
31.37
31.37
31.31
31.25
31.12
30.93
30.75
30.56
30.31
30.12
29.93
29.68
29.50
29.37
29.18
29.00
28.81
28.62
28.43
28.25
28.06
27.93
27.81
27.75
27.62
27.50
27.37
27.25
27.18
27.06
27.00
26.93
26.81
26.75
26.68
26.62
26.56
26.56
26.50
26.43
26.37
26.37
26.31
26.25
26.25
26.18
26.18
26.12
26.12
26.12
26.06
26.06
26.06
26.06
26.00
26.00
26.00
26.00
25.93